	1698.000000
	1698.000000
	1698.000000
	1698.000000
	1698.000000
	1698.000000
	1698.000000
	1698.000000
	1698.000000
	1698.000000
	1360.000000
	1360.000000
	1360.000000
	1360.000000
	1360.000000
	1360.000000
	1360.000000
	1360.000000
	1360.000000
	1360.000000
	1158.000000
	1158.000000
	1158.000000
	1158.000000
	1158.000000
	1158.000000
	1158.000000
	1158.000000
	1158.000000
	1158.000000
	3235.000000
	3235.000000
	3235.000000
	3235.000000
	3235.000000
	3235.000000
	3235.000000
	3235.000000
	3235.000000
	3235.000000
	2623.000000
	2623.000000
	2623.000000
	2623.000000
	2623.000000
	2623.000000
	2623.000000
	2623.000000
	2623.000000
	2623.000000
	2339.000000
	2339.000000
	2339.000000
	2339.000000
	2339.000000
	2339.000000
	2339.000000
	2339.000000
	2339.000000
	2339.000000
	1955.000000	
	1955.000000	
	1955.000000	
	1955.000000	
	1955.000000	
	1955.000000	
	1955.000000	
	1955.000000	
	1955.000000	
	1955.000000	
	1419.000000	
	1419.000000	
	1419.000000	
	1419.000000	
	1419.000000	
	1419.000000	
	1419.000000	
	1419.000000	
	1419.000000	
	1419.000000	
	1268.000000	
	1268.000000	
	1268.000000	
	1268.000000	
	1268.000000	
	1268.000000	
	1268.000000	
	1268.000000	
	1268.000000	
	1268.000000	
	3490.000000	
	3490.000000	
	3490.000000	
	3490.000000	
	3490.000000	
	3490.000000	
	3490.000000	
	3490.000000	
	3490.000000	
	3490.000000	
	2860.000000	
	2860.000000	
	2860.000000	
	2860.000000	
	2860.000000	
	2860.000000	
	2860.000000	
	2860.000000	
	2860.000000	
	2860.000000	
	2457.000000	
	2457.000000	
	2457.000000	
	2457.000000	
	2457.000000	
	2457.000000	
	2457.000000	
	2457.000000	
	2457.000000	
	2457.000000	
	13837.000000	
	13837.000000	
	13837.000000	
	13837.000000	
	13837.000000	
	13837.000000	
	13837.000000	
	13837.000000	
	13837.000000	
	13837.000000	
	12765.000000	
	12765.000000	
	12765.000000	
	12765.000000	
	12765.000000	
	12765.000000	
	12765.000000	
	12765.000000	
	12765.000000	
	12765.000000	
	9164.000000	
	9164.000000	
	9164.000000	
	9164.000000	
	9164.000000	
	9164.000000	
	9164.000000	
	9164.000000	
	9164.000000	
	9164.000000	
	29048.000000	
	29048.000000	
	29048.000000	
	29048.000000	
	29048.000000	
	29048.000000	
	29048.000000	
	29048.000000	
	29048.000000	
	29048.000000	
	26664.000000	
	26664.000000	
	26664.000000	
	26664.000000	
	26664.000000	
	26664.000000	
	26664.000000	
	26664.000000	
	26664.000000	
	26664.000000	
	25581.000000	
	25581.000000	
	25581.000000	
	25581.000000	
	25581.000000	
	25581.000000	
	25581.000000	
	25581.000000	
	25581.000000	
	25581.000000	