	1698.000000
	1698.000000
	1698.000000
	1698.000000
	1698.000000
	1698.000000
	1698.000000
	1698.000000
	1698.000000
	1698.000000   
	1360.000000
	1360.000000
	1360.000000
	1360.000000
	1360.000000
	1360.000000
	1360.000000
	1360.000000
	1360.000000
	1360.000000   
	1158.000000
	1158.000000
	1158.000000
	1158.000000
	1158.000000
	1158.000000
	1158.000000
	1158.000000
	1158.000000
	1158.000000   
	3235.000000
	3235.000000
	3235.000000
	3235.000000
	3235.000000
	3235.000000
	3235.000000
	3235.000000
	3235.000000
	3235.000000   
	2623.000000
	2623.000000
	2623.000000
	2623.000000
	2623.000000
	2623.000000
	2623.000000
	2623.000000
	2623.000000
	2623.000000   
	2339.000000
	2339.000000
	2339.000000
	2339.000000
	2339.000000
	2339.000000
	2339.000000
	2339.000000
	2339.000000
	2339.000000 
	1982.000000	
	1982.000000	
	1982.000000	
	1982.000000	
	1982.000000	
	1982.000000	
	1982.000000	
	1982.000000	
	1982.000000	
	1982.000000	
	1439.000000	
	1439.000000	
	1439.000000	
	1439.000000	
	1439.000000	
	1439.000000	
	1439.000000	
	1439.000000	
	1439.000000	
	1439.000000	
	1281.000000	
	1281.000000	
	1281.000000	
	1281.000000	
	1281.000000	
	1281.000000	
	1281.000000	
	1281.000000	
	1282.000000	
	1282.000000	
	3552.000000	
	3554.000000	
	3552.000000	
	3554.000000	
	3552.000000	
	3552.000000	
	3552.000000	
	3552.000000	
	3552.000000	
	3554.000000	
	3006.000000	
	3006.000000	
	3006.000000	
	3006.000000	
	3006.000000	
	3006.000000	
	3006.000000	
	3006.000000	
	3006.000000	
	3006.000000	
	2590.000000	
	2588.000000	
	2586.000000	
	2586.000000	
	2588.000000	
	2588.000000	
	2586.000000	
	2586.000000	
	2586.000000	
	2586.000000	
	13895.000000	
	13895.000000	
	13895.000000	
	13895.000000	
	13895.000000	
	13895.000000	
	13895.000000	
	13895.000000	
	13895.000000	
	13895.000000	
	13918.000000	
	13918.000000	
	13918.000000	
	13918.000000	
	13918.000000	
	13918.000000	
	13918.000000	
	13918.000000	
	13918.000000	
	13918.000000	
	10168.000000	
	10168.000000	
	10168.000000	
	10168.000000	
	10168.000000	
	10168.000000	
	10168.000000	
	10168.000000	
	10168.000000	
	10168.000000	
	26819.000000	
	26819.000000	
	26819.000000	
	26819.000000	
	26819.000000	
	26819.000000	
	26819.000000	
	26819.000000	
	26819.000000	
	26819.000000	
	27188.000000	
	27188.000000	
	27188.000000	
	27188.000000	
	27188.000000	
	27188.000000	
	27188.000000	
	27188.000000	
	27188.000000	
	27188.000000	
	27583.000000	
	27583.000000	
	27583.000000	
	27583.000000	
	27583.000000	
	27583.000000	
	27583.000000	
	27583.000000	
	27583.000000	
	27583.000000	