	1698.000000
	1698.000000
	1698.000000
	1698.000000
	1698.000000
	1698.000000
	1698.000000
	1698.000000
	1698.000000
	1698.000000
	1360.000000
	1360.000000
	1360.000000
	1360.000000
	1360.000000
	1360.000000
	1360.000000
	1360.000000
	1360.000000
	1360.000000
	1158.000000
	1158.000000
	1158.000000
	1158.000000
	1158.000000
	1158.000000
	1158.000000
	1158.000000
	1158.000000
	1158.000000
	3235.000000
	3235.000000
	3235.000000
	3235.000000
	3235.000000
	3235.000000
	3235.000000
	3235.000000
	3235.000000
	3235.000000
	2623.000000
	2623.000000
	2623.000000
	2623.000000
	2623.000000
	2623.000000
	2623.000000
	2623.000000
	2623.000000
	2623.000000
	2339.000000
	2339.000000
	2339.000000
	2339.000000
	2339.000000
	2339.000000
	2339.000000
	2339.000000
	2339.000000
	2339.000000
	1937.000000	
	1937.000000	
	1937.000000	
	1937.000000	
	1937.000000	
	1937.000000	
	1937.000000	
	1937.000000	
	1937.000000	
	1937.000000	
	1415.000000	
	1415.000000	
	1415.000000	
	1415.000000	
	1415.000000	
	1415.000000	
	1415.000000	
	1415.000000	
	1415.000000	
	1415.000000	
	1264.000000	
	1264.000000	
	1264.000000	
	1264.000000	
	1264.000000	
	1264.000000	
	1264.000000	
	1264.000000	
	1264.000000	
	1264.000000	
	3460.000000	
	3460.000000	
	3460.000000	
	3460.000000	
	3460.000000	
	3460.000000	
	3460.000000	
	3460.000000	
	3460.000000	
	3460.000000	
	2838.000000	
	2838.000000	
	2838.000000	
	2838.000000	
	2838.000000	
	2838.000000	
	2838.000000	
	2838.000000	
	2838.000000	
	2838.000000	
	2413.000000	
	2413.000000	
	2413.000000	
	2413.000000	
	2413.000000	
	2413.000000	
	2413.000000	
	2413.000000	
	2413.000000	
	2413.000000	
	12762.000000	
	12762.000000	
	12762.000000	
	12762.000000	
	12762.000000	
	12762.000000	
	12762.000000	
	12762.000000	
	12762.000000	
	12762.000000	
	11833.000000	
	11833.000000	
	11833.000000	
	11833.000000	
	11833.000000	
	11833.000000	
	11833.000000	
	11833.000000	
	11833.000000	
	11833.000000	
	8837.000000	
	8837.000000	
	8837.000000	
	8837.000000	
	8837.000000	
	8837.000000	
	8837.000000	
	8837.000000	
	8837.000000	
	8837.000000	
	25111.000000	
	25111.000000	
	25111.000000	
	25111.000000	
	25111.000000	
	25111.000000	
	25111.000000	
	25111.000000	
	25111.000000	
	25111.000000	
	23825.000000	
	23825.000000	
	23825.000000	
	23825.000000	
	23825.000000	
	23825.000000	
	23825.000000	
	23825.000000	
	23825.000000	
	23825.000000	
	23571.000000	
	23571.000000	
	23571.000000	
	23571.000000	
	23571.000000	
	23571.000000	
	23571.000000	
	23571.000000	
	23571.000000	
	23571.000000	