	1698.000000
	1698.000000
	1698.000000
	1698.000000
	1698.000000
	1698.000000
	1698.000000
	1698.000000
	1698.000000
	1698.000000
	1360.000000
	1360.000000
	1360.000000
	1360.000000
	1360.000000
	1360.000000
	1360.000000
	1360.000000
	1360.000000
	1360.000000
	1158.000000
	1158.000000
	1158.000000
	1158.000000
	1158.000000
	1158.000000
	1158.000000
	1158.000000
	1158.000000
	1158.000000
	3235.000000
	3235.000000
	3235.000000
	3235.000000
	3235.000000
	3235.000000
	3235.000000
	3235.000000
	3235.000000
	3235.000000
	2623.000000
	2623.000000
	2623.000000
	2623.000000
	2623.000000
	2623.000000
	2623.000000
	2623.000000
	2623.000000
	2623.000000
	2339.000000
	2339.000000
	2339.000000
	2339.000000
	2339.000000
	2339.000000
	2339.000000
	2339.000000
	2339.000000
	2339.000000
	1953.000000	
	1953.000000	
	1953.000000	
	1953.000000	
	1953.000000	
	1953.000000	
	1953.000000	
	1953.000000	
	1953.000000	
	1953.000000	
	1433.000000	
	1433.000000	
	1433.000000	
	1433.000000	
	1433.000000	
	1433.000000	
	1433.000000	
	1433.000000	
	1433.000000	
	1433.000000	
	1264.000000	
	1264.000000	
	1264.000000	
	1264.000000	
	1264.000000	
	1264.000000	
	1264.000000	
	1264.000000	
	1264.000000	
	1264.000000	
	3503.000000	
	3503.000000	
	3503.000000	
	3503.000000	
	3503.000000	
	3503.000000	
	3503.000000	
	3503.000000	
	3503.000000	
	3503.000000	
	2852.000000	
	2852.000000	
	2852.000000	
	2852.000000	
	2852.000000	
	2852.000000	
	2852.000000	
	2852.000000	
	2852.000000	
	2852.000000	
	2445.000000	
	2445.000000	
	2445.000000	
	2445.000000	
	2445.000000	
	2445.000000	
	2445.000000	
	2445.000000	
	2445.000000	
	2445.000000	
	13948.000000	
	13948.000000	
	13948.000000	
	13948.000000	
	13948.000000	
	13948.000000	
	13948.000000	
	13948.000000	
	13948.000000	
	13948.000000	
	13199.000000	
	13199.000000	
	13199.000000	
	13199.000000	
	13199.000000	
	13199.000000	
	13199.000000	
	13199.000000	
	13199.000000	
	13199.000000	
	9534.000000	
	9534.000000	
	9534.000000	
	9534.000000	
	9534.000000	
	9534.000000	
	9534.000000	
	9534.000000	
	9534.000000	
	9534.000000	
	28693.000000	
	28693.000000	
	28693.000000	
	28693.000000	
	28693.000000	
	28693.000000	
	28693.000000	
	28693.000000	
	28693.000000	
	28693.000000	
	27227.000000	
	27227.000000	
	27227.000000	
	27227.000000	
	27227.000000	
	27227.000000	
	27227.000000	
	27227.000000	
	27227.000000	
	27227.000000	
	25992.000000	
	25992.000000	
	25992.000000	
	25992.000000	
	25992.000000	
	25992.000000	
	25992.000000	
	25992.000000	
	25992.000000	
	25992.000000	