1767.000000 
1767.000000 
1767.000000 
1767.000000 
1767.000000 
1767.000000 
1767.000000 
1767.000000 
1767.000000 
1767.000000 
3433.000000 
3433.000000 
3433.000000 
3433.000000 
3433.000000 
3433.000000 
3433.000000 
3433.000000 
3433.000000 
3433.000000 
1511.000000 
1511.000000 
1511.000000 
1511.000000 
1511.000000 
1511.000000 
1511.000000 
1511.000000 
1511.000000 
1511.000000 
2945.000000 
2945.000000 
2945.000000 
2945.000000 
2945.000000 
2945.000000 
2945.000000 
2945.000000 
2945.000000 
2945.000000 
1342.000000 
1342.000000 
1342.000000 
1342.000000 
1342.000000 
1342.000000 
1342.000000 
1342.000000 
1342.000000 
1342.000000 
2819.000000 
2819.000000 
2819.000000 
2819.000000 
2819.000000 
2819.000000 
2819.000000 
2819.000000 
2819.000000 
2819.000000 
1966.000000 
1966.000000 
1966.000000 
1966.000000 
1966.000000 
1966.000000 
1966.000000 
1966.000000 
1966.000000 
1966.000000 
3565.000000 
3565.000000 
3565.000000 
3565.000000 
3565.000000 
3565.000000 
3565.000000 
3565.000000 
3565.000000 
3565.000000 
1516.000000 
1516.000000 
1516.000000 
1516.000000 
1516.000000 
1516.000000 
1516.000000 
1516.000000 
1516.000000 
1516.000000 
3140.000000 
3140.000000 
3140.000000 
3140.000000 
3140.000000 
3140.000000 
3140.000000 
3140.000000 
3140.000000 
3140.000000 
1487.000000 
1487.000000 
1487.000000 
1487.000000 
1487.000000 
1487.000000 
1487.000000 
1487.000000 
1487.000000 
1487.000000 
2965.000000 
2965.000000 
2965.000000 
2965.000000 
2965.000000 
2965.000000 
2965.000000 
2965.000000 
2965.000000 
2965.000000 
14144.000000 
14144.000000 
14144.000000 
14144.000000 
14144.000000 
14144.000000 
14144.000000 
14144.000000 
14144.000000 
14144.000000 
30093.000000 
30093.000000 
30093.000000 
30093.000000 
30093.000000 
30093.000000 
30093.000000 
30093.000000 
30093.000000 
30093.000000 
13907.000000 
13907.000000 
13907.000000 
13907.000000 
13907.000000 
13907.000000 
13907.000000 
13907.000000 
13907.000000 
13907.000000 
30275.000000 
30275.000000 
30275.000000 
30275.000000 
30275.000000 
30275.000000 
30275.000000 
30275.000000 
30275.000000 
30275.000000 
10269.000000 
10269.000000 
10269.000000 
10269.000000 
10269.000000 
10269.000000 
10269.000000 
10269.000000 
10269.000000 
10269.000000 
29443.000000 
29443.000000 
29443.000000 
29443.000000 
29443.000000 
29443.000000 
29443.000000 
29443.000000 
29443.000000 
29443.000000 