1799.000000 
1799.000000 
1799.000000 
1799.000000 
1799.000000 
1799.000000 
1799.000000 
1799.000000 
1799.000000 
1799.000000 
3487.000000 
3487.000000 
3487.000000 
3487.000000 
3487.000000 
3487.000000 
3487.000000 
3487.000000 
3487.000000 
3487.000000 
1548.000000 
1548.000000 
1548.000000 
1548.000000 
1548.000000 
1548.000000 
1548.000000 
1548.000000 
1548.000000 
1548.000000 
2960.000000 
2960.000000 
2960.000000 
2960.000000 
2960.000000 
2960.000000 
2960.000000 
2960.000000 
2960.000000 
2960.000000 
1383.000000 
1383.000000 
1383.000000 
1383.000000 
1383.000000 
1383.000000 
1383.000000 
1383.000000 
1383.000000 
1383.000000 
2725.000000 
2725.000000 
2725.000000 
2725.000000 
2725.000000 
2725.000000 
2725.000000 
2725.000000 
2725.000000 
2725.000000 
1951.000000 
1951.000000 
1951.000000 
1951.000000 
1951.000000 
1951.000000 
1951.000000 
1951.000000 
1951.000000 
1951.000000 
3503.000000 
3503.000000 
3503.000000 
3503.000000 
3503.000000 
3503.000000 
3503.000000 
3503.000000 
3503.000000 
3503.000000 
1484.000000 
1484.000000 
1484.000000 
1484.000000 
1484.000000 
1484.000000 
1484.000000 
1484.000000 
1484.000000 
1484.000000 
3052.000000 
3052.000000 
3052.000000 
3052.000000 
3052.000000 
3052.000000 
3052.000000 
3052.000000 
3052.000000 
3052.000000 
1361.000000 
1361.000000 
1361.000000 
1361.000000 
1361.000000 
1361.000000 
1361.000000 
1361.000000 
1361.000000 
1361.000000 
2686.000000 
2686.000000 
2686.000000 
2686.000000 
2686.000000 
2686.000000 
2686.000000 
2686.000000 
2686.000000 
2686.000000 
13660.000000 
13660.000000 
13660.000000 
13660.000000 
13660.000000 
13660.000000 
13660.000000 
13660.000000 
13660.000000 
13660.000000 
27611.000000 
27611.000000 
27611.000000 
27349.000000 
28265.000000 
27611.000000 
27349.000000 
27611.000000 
27349.000000 
27611.000000 
12867.000000 
12867.000000 
12867.000000 
12867.000000 
12867.000000 
12867.000000 
12867.000000 
12867.000000 
12867.000000 
12867.000000 
27310.000000 
27310.000000 
27310.000000 
27310.000000 
27310.000000 
27310.000000 
27310.000000 
27310.000000 
27310.000000 
27310.000000 
9568.000000 
9568.000000 
9568.000000 
9568.000000 
9568.000000 
9568.000000 
9568.000000 
9568.000000 
9568.000000 
9568.000000 
27196.000000 
27196.000000 
27196.000000 
27196.000000 
27196.000000 
27196.000000 
27196.000000 
27196.000000 
27196.000000 
27196.000000 