1799.000000
1799.000000
1799.000000
1799.000000
1799.000000
1799.000000
1799.000000
1799.000000
1799.000000
1799.000000
3499.000000
3499.000000
3499.000000
3499.000000
3499.000000
3499.000000
3499.000000
3499.000000
3499.000000
3499.000000
1546.000000
1546.000000
1546.000000
1546.000000
1546.000000
1546.000000
1546.000000
1546.000000
1546.000000
1546.000000
2950.000000
2950.000000
2950.000000
2950.000000
2950.000000
2950.000000
2950.000000
2950.000000
2950.000000
2950.000000
1382.000000
1382.000000
1382.000000
1382.000000
1382.000000
1382.000000
1382.000000
1382.000000
1382.000000
1382.000000
2725.000000
2725.000000
2725.000000
2725.000000
2725.000000
2725.000000
2725.000000
2725.000000
2725.000000
2725.000000
1994.000000
1994.000000
1994.000000
1994.000000
1994.000000
1994.000000
1994.000000
1994.000000
1994.000000
1994.000000
3563.000000
3563.000000
3563.000000
3563.000000
3563.000000
3563.000000
3563.000000
3563.000000
3563.000000
3563.000000
1498.000000
1498.000000
1498.000000
1498.000000
1498.000000
1498.000000
1498.000000
1498.000000
1498.000000
1498.000000
3073.000000
3073.000000
3073.000000
3073.000000
3073.000000
3073.000000
3073.000000
3073.000000
3073.000000
3073.000000
1384.000000
1384.000000
1384.000000
1384.000000
1384.000000
1384.000000
1384.000000
1384.000000
1384.000000
1384.000000
2717.000000
2717.000000
2717.000000
2717.000000
2717.000000
2717.000000
2717.000000
2717.000000
2719.000000
2717.000000
13820.000000
13820.000000
13820.000000
13820.000000
13820.000000
13820.000000
13820.000000
13820.000000
13820.000000
13820.000000
26442.000000
26442.000000
26442.000000
26442.000000
26442.000000
26442.000000
26442.000000
26442.000000
26442.000000
26442.000000
12596.000000
12596.000000
12593.000000
12593.000000
12593.000000
12593.000000
12593.000000
12593.000000
12593.000000
12593.000000
26646.000000
26646.000000
26646.000000
26646.000000
26646.000000
26646.000000
26646.000000
26646.000000
26646.000000
26646.000000
10119.000000
10119.000000
10119.000000
10119.000000
10119.000000
10119.000000
10119.000000
10119.000000
10119.000000
10119.000000
27625.000000
27625.000000
27625.000000
27625.000000
27625.000000
27625.000000
27625.000000
27625.000000
27625.000000
27625.000000