1756.000000 
1756.000000 
1756.000000 
1756.000000 
1756.000000 
1756.000000 
1756.000000 
1756.000000 
1756.000000 
1756.000000 
3451.000000 
3451.000000 
3451.000000 
3451.000000 
3451.000000 
3451.000000 
3451.000000 
3451.000000 
3451.000000 
3451.000000 
1508.000000 
1508.000000 
1508.000000 
1508.000000 
1508.000000 
1508.000000 
1508.000000 
1508.000000 
1508.000000 
1508.000000 
2907.000000 
2907.000000 
2907.000000 
2907.000000 
2907.000000 
2907.000000 
2907.000000 
2907.000000 
2907.000000 
2907.000000 
1344.000000 
1344.000000 
1344.000000 
1344.000000 
1344.000000 
1344.000000 
1344.000000 
1344.000000 
1344.000000 
1344.000000 
2712.000000 
2712.000000 
2712.000000 
2712.000000 
2712.000000 
2712.000000 
2712.000000 
2712.000000 
2712.000000 
2712.000000 
1944.000000 
1944.000000 
1944.000000 
1944.000000 
1944.000000 
1944.000000 
1944.000000 
1944.000000 
1944.000000 
1944.000000 
3513.000000 
3513.000000 
3513.000000 
3513.000000 
3513.000000 
3513.000000 
3513.000000 
3513.000000 
3513.000000 
3513.000000 
1463.000000 
1463.000000 
1463.000000 
1463.000000 
1463.000000 
1463.000000 
1463.000000 
1463.000000 
1463.000000 
1463.000000 
3023.000000 
3023.000000 
3023.000000 
3023.000000 
3023.000000 
3023.000000 
3023.000000 
3023.000000 
3023.000000 
3023.000000 
1360.000000 
1360.000000 
1360.000000 
1360.000000 
1360.000000 
1360.000000 
1360.000000 
1360.000000 
1360.000000 
1360.000000 
2678.000000 
2678.000000 
2678.000000 
2678.000000 
2678.000000 
2678.000000 
2678.000000 
2678.000000 
2678.000000 
2678.000000 
12829.000000 
12829.000000 
12829.000000 
12829.000000 
12829.000000 
12829.000000 
12829.000000 
12829.000000 
12829.000000 
12829.000000 
25334.000000 
25334.000000 
25334.000000 
25334.000000 
25334.000000 
25334.000000 
25334.000000 
25334.000000 
25334.000000 
25334.000000 
12143.000000 
12143.000000 
12143.000000 
12143.000000 
12143.000000 
12143.000000 
12143.000000 
12143.000000 
12143.000000 
12143.000000 
24389.000000 
24389.000000 
24389.000000 
24389.000000 
24389.000000 
24389.000000 
24389.000000 
24389.000000 
24389.000000 
24389.000000 
8858.000000 
8858.000000 
8858.000000 
8858.000000 
8858.000000 
8858.000000 
8858.000000 
8858.000000 
8858.000000 
8858.000000 
23930.000000 
23930.000000 
23930.000000 
23930.000000 
23930.000000 
23930.000000 
23930.000000 
23930.000000 
23930.000000 
23930.000000 